1.277000000000000000e+04
1.276500000000000000e+04
1.276400000000000000e+04
1.277000000000000000e+04
1.276900000000000000e+04
1.276400000000000000e+04
1.276600000000000000e+04
1.278400000000000000e+04
1.149700000000000000e+04
6.157000000000000000e+03
1.276500000000000000e+04
1.276300000000000000e+04
1.286900000000000000e+04
1.276600000000000000e+04
1.276400000000000000e+04
1.277300000000000000e+04
1.277100000000000000e+04
1.281400000000000000e+04
1.281000000000000000e+04
1.291200000000000000e+04
1.277400000000000000e+04
5.217000000000000000e+03
2.800000000000000000e+03
5.478000000000000000e+03
8.883000000000000000e+03
1.526000000000000000e+03
1.198200000000000000e+04
7.291000000000000000e+03
9.849000000000000000e+03
7.819000000000000000e+03
3.654000000000000000e+03
1.281300000000000000e+04
1.276600000000000000e+04
1.276400000000000000e+04
1.277200000000000000e+04
1.278400000000000000e+04
1.282600000000000000e+04
1.281300000000000000e+04
6.157000000000000000e+03
1.028200000000000000e+04
1.276600000000000000e+04
2.250000000000000000e+03
1.286800000000000000e+04
1.281300000000000000e+04
1.277900000000000000e+04
1.278000000000000000e+04
1.283500000000000000e+04
1.277400000000000000e+04
1.282600000000000000e+04
1.278500000000000000e+04
1.283400000000000000e+04
1.276500000000000000e+04
1.278400000000000000e+04
1.277800000000000000e+04
1.277700000000000000e+04
1.286200000000000000e+04
1.285900000000000000e+04
1.280700000000000000e+04
1.282600000000000000e+04
1.277200000000000000e+04
9.385000000000000000e+03
1.277700000000000000e+04
1.278000000000000000e+04
1.278400000000000000e+04
1.281300000000000000e+04
1.276500000000000000e+04
4.168000000000000000e+03
1.276500000000000000e+04
1.281300000000000000e+04
1.278400000000000000e+04
8.210000000000000000e+02
1.276500000000000000e+04
1.276400000000000000e+04
1.277200000000000000e+04
1.282600000000000000e+04
1.288600000000000000e+04
1.277100000000000000e+04
1.291200000000000000e+04
1.281300000000000000e+04
1.291600000000000000e+04
1.277300000000000000e+04
1.276500000000000000e+04
1.276500000000000000e+04
1.276600000000000000e+04
1.276400000000000000e+04
1.278400000000000000e+04
1.277900000000000000e+04
1.278000000000000000e+04
1.277700000000000000e+04
1.277400000000000000e+04
1.285900000000000000e+04
1.276500000000000000e+04
1.278400000000000000e+04
1.277900000000000000e+04
1.278000000000000000e+04
1.277800000000000000e+04
1.277700000000000000e+04
1.286200000000000000e+04
1.277400000000000000e+04
1.285900000000000000e+04
1.276600000000000000e+04
1.283100000000000000e+04
2.250000000000000000e+03
3.479000000000000000e+03
1.277000000000000000e+04
1.276500000000000000e+04
1.283300000000000000e+04
1.001300000000000000e+04
1.278100000000000000e+04
1.276400000000000000e+04
1.277200000000000000e+04
1.276600000000000000e+04
1.278400000000000000e+04
1.281300000000000000e+04
1.277400000000000000e+04
1.276500000000000000e+04
1.281300000000000000e+04
9.084000000000000000e+03
5.016000000000000000e+03
4.430000000000000000e+03
1.285400000000000000e+04
1.281700000000000000e+04
1.882000000000000000e+03
1.276500000000000000e+04
1.276600000000000000e+04
1.277000000000000000e+04
1.276400000000000000e+04
4.841000000000000000e+03
9.209000000000000000e+03
1.266400000000000000e+04
2.673000000000000000e+03
1.181200000000000000e+04
6.051000000000000000e+03
6.157000000000000000e+03
1.277300000000000000e+04
1.276600000000000000e+04
1.277000000000000000e+04
1.276400000000000000e+04
1.277500000000000000e+04
1.281300000000000000e+04
1.276300000000000000e+04
1.276500000000000000e+04
1.277700000000000000e+04
1.276400000000000000e+04
1.277200000000000000e+04
1.277900000000000000e+04
1.278000000000000000e+04
1.276500000000000000e+04
1.278400000000000000e+04
1.278400000000000000e+04
1.278300000000000000e+04
1.000400000000000000e+04
1.085500000000000000e+04
2.396000000000000000e+03
1.281300000000000000e+04
1.276400000000000000e+04
1.280900000000000000e+04
1.276500000000000000e+04
1.282600000000000000e+04
1.276300000000000000e+04
1.276500000000000000e+04
4.168000000000000000e+03
1.288600000000000000e+04
1.282800000000000000e+04
6.051000000000000000e+03
1.276500000000000000e+04
8.236000000000000000e+03
1.280200000000000000e+04
1.011700000000000000e+04
1.276400000000000000e+04
1.181200000000000000e+04
1.277000000000000000e+04
1.276900000000000000e+04
1.276500000000000000e+04
1.276400000000000000e+04
3.934000000000000000e+03
8.218000000000000000e+03
1.052700000000000000e+04
6.132000000000000000e+03
9.849000000000000000e+03
9.143000000000000000e+03
1.281000000000000000e+04
3.681000000000000000e+03
4.204000000000000000e+03
1.056600000000000000e+04
3.910000000000000000e+03
9.076000000000000000e+03
4.860000000000000000e+03
1.178200000000000000e+04
6.611000000000000000e+03
1.277200000000000000e+04
1.276700000000000000e+04
1.276900000000000000e+04
1.277000000000000000e+04
1.276500000000000000e+04
1.278400000000000000e+04
1.281300000000000000e+04
1.291200000000000000e+04
1.586000000000000000e+03
1.281300000000000000e+04
1.286500000000000000e+04
1.277000000000000000e+04
1.276400000000000000e+04
1.276600000000000000e+04
1.586000000000000000e+03
1.286800000000000000e+04
1.277000000000000000e+04
1.276900000000000000e+04
1.282600000000000000e+04
1.288600000000000000e+04
1.276500000000000000e+04
1.278400000000000000e+04
1.282400000000000000e+04
1.281300000000000000e+04
1.282500000000000000e+04
1.276400000000000000e+04
1.283300000000000000e+04
1.276300000000000000e+04
9.570000000000000000e+03
1.277000000000000000e+04
1.276400000000000000e+04
9.138000000000000000e+03
2.250000000000000000e+03
2.499000000000000000e+03
1.278400000000000000e+04
9.084000000000000000e+03
4.168000000000000000e+03
1.278300000000000000e+04
4.446000000000000000e+03
8.253000000000000000e+03
5.860000000000000000e+02
2.729000000000000000e+03
1.276500000000000000e+04
1.281000000000000000e+04
1.290300000000000000e+04
1.276500000000000000e+04
6.132000000000000000e+03
1.281300000000000000e+04
5.868000000000000000e+03
5.626000000000000000e+03
1.276400000000000000e+04
8.796000000000000000e+03
8.797000000000000000e+03
8.799000000000000000e+03
1.276500000000000000e+04
1.276500000000000000e+04
1.282600000000000000e+04
1.278400000000000000e+04
1.276600000000000000e+04
1.281300000000000000e+04
1.277900000000000000e+04
1.278000000000000000e+04
1.277800000000000000e+04
1.277700000000000000e+04
4.860000000000000000e+03
1.276500000000000000e+04
1.286800000000000000e+04
5.626000000000000000e+03
1.276300000000000000e+04
1.282600000000000000e+04
1.281300000000000000e+04
1.276500000000000000e+04
1.100600000000000000e+04
1.276500000000000000e+04
1.278400000000000000e+04
1.281300000000000000e+04
1.281400000000000000e+04
1.290300000000000000e+04
1.056600000000000000e+04
1.287700000000000000e+04
1.277400000000000000e+04
1.285900000000000000e+04
1.286000000000000000e+04
1.276900000000000000e+04
1.276600000000000000e+04
1.277400000000000000e+04
1.278400000000000000e+04
2.250000000000000000e+03
1.278000000000000000e+04
1.276500000000000000e+04
4.841000000000000000e+03
8.253000000000000000e+03
1.277400000000000000e+04
1.276500000000000000e+04
1.281300000000000000e+04
1.001300000000000000e+04
1.283100000000000000e+04
1.283200000000000000e+04
1.276900000000000000e+04
1.280700000000000000e+04
1.279000000000000000e+04
1.277000000000000000e+04
1.276900000000000000e+04
1.276500000000000000e+04
1.283300000000000000e+04
1.276400000000000000e+04
1.276600000000000000e+04
1.288400000000000000e+04
1.278400000000000000e+04
1.281300000000000000e+04
1.129400000000000000e+04
1.011300000000000000e+04
1.138800000000000000e+04
1.284200000000000000e+04
1.282600000000000000e+04
8.150000000000000000e+02
1.288600000000000000e+04
1.276300000000000000e+04
1.281300000000000000e+04
1.280700000000000000e+04
1.289000000000000000e+04
1.276600000000000000e+04
1.276500000000000000e+04
1.276500000000000000e+04
1.277000000000000000e+04
1.276900000000000000e+04
1.276400000000000000e+04
1.281300000000000000e+04
1.277000000000000000e+04
1.276400000000000000e+04
1.281700000000000000e+04
1.266300000000000000e+04
1.277600000000000000e+04
1.277300000000000000e+04
8.253000000000000000e+03
1.282600000000000000e+04
1.287600000000000000e+04
1.276500000000000000e+04
1.276500000000000000e+04
1.276600000000000000e+04
1.286800000000000000e+04
1.278400000000000000e+04
1.277900000000000000e+04
1.284200000000000000e+04
1.276500000000000000e+04
1.278400000000000000e+04
1.277900000000000000e+04
1.278000000000000000e+04
1.276300000000000000e+04
1.276500000000000000e+04
1.276600000000000000e+04
1.276800000000000000e+04
1.276600000000000000e+04
1.281300000000000000e+04
7.248000000000000000e+03
1.280700000000000000e+04
1.276500000000000000e+04
1.266300000000000000e+04
1.278400000000000000e+04
1.277900000000000000e+04
1.278000000000000000e+04
1.283500000000000000e+04
1.277800000000000000e+04
1.277400000000000000e+04
1.286800000000000000e+04
9.138000000000000000e+03
1.285900000000000000e+04
1.286000000000000000e+04
1.276500000000000000e+04
1.277700000000000000e+04
1.278400000000000000e+04
9.084000000000000000e+03
1.276500000000000000e+04
1.276300000000000000e+04
1.281300000000000000e+04
1.276500000000000000e+04
1.281300000000000000e+04
4.277000000000000000e+03
1.276400000000000000e+04
1.278000000000000000e+04
8.236000000000000000e+03
1.283300000000000000e+04
1.287300000000000000e+04
1.278300000000000000e+04
1.277200000000000000e+04
1.282400000000000000e+04
1.279500000000000000e+04
1.279400000000000000e+04
6.062000000000000000e+03
8.900000000000000000e+01
3.000000000000000000e+02
1.281300000000000000e+04
1.278400000000000000e+04
1.289100000000000000e+04
1.277400000000000000e+04
1.586000000000000000e+03
2.186000000000000000e+03
3.645000000000000000e+03
4.168000000000000000e+03
5.016000000000000000e+03
1.276500000000000000e+04
1.280900000000000000e+04
8.236000000000000000e+03
9.385000000000000000e+03
1.026900000000000000e+04
2.499000000000000000e+03
5.626000000000000000e+03
4.168000000000000000e+03
1.277900000000000000e+04
1.266300000000000000e+04
1.026900000000000000e+04
6.132000000000000000e+03
1.282400000000000000e+04
1.288400000000000000e+04
1.284500000000000000e+04
1.277700000000000000e+04
1.291200000000000000e+04
5.626000000000000000e+03
6.430000000000000000e+03
7.245000000000000000e+03
5.451000000000000000e+03
1.283300000000000000e+04
1.001300000000000000e+04
2.250000000000000000e+03
1.282600000000000000e+04
6.132000000000000000e+03
1.277000000000000000e+04
1.276400000000000000e+04
1.277200000000000000e+04
1.276500000000000000e+04
1.278400000000000000e+04
1.281300000000000000e+04
1.285600000000000000e+04
1.287700000000000000e+04
1.281300000000000000e+04
5.217000000000000000e+03
1.146200000000000000e+04
5.451000000000000000e+03
1.150000000000000000e+04
1.076000000000000000e+03
1.278300000000000000e+04
9.646000000000000000e+03
1.276400000000000000e+04
8.484000000000000000e+03
1.276300000000000000e+04
1.276500000000000000e+04
1.266300000000000000e+04
1.277300000000000000e+04
1.285900000000000000e+04
1.280300000000000000e+04
1.280700000000000000e+04
1.284500000000000000e+04
1.282600000000000000e+04
1.276500000000000000e+04
1.277900000000000000e+04
1.278000000000000000e+04
1.277800000000000000e+04
1.276400000000000000e+04
1.277700000000000000e+04
1.286200000000000000e+04
1.287700000000000000e+04
1.276300000000000000e+04
1.276600000000000000e+04
1.276400000000000000e+04
1.277500000000000000e+04
6.167000000000000000e+03
3.645000000000000000e+03
6.157000000000000000e+03
1.281300000000000000e+04
1.280700000000000000e+04
4.277000000000000000e+03
1.276500000000000000e+04
9.076000000000000000e+03
1.276500000000000000e+04
1.276400000000000000e+04
1.276500000000000000e+04
9.661000000000000000e+03
4.320000000000000000e+03
1.283700000000000000e+04
1.001300000000000000e+04
1.276400000000000000e+04
1.277000000000000000e+04
1.283300000000000000e+04
1.276900000000000000e+04
8.883000000000000000e+03
1.282400000000000000e+04
1.280700000000000000e+04
1.277500000000000000e+04
9.471000000000000000e+03
6.132000000000000000e+03
5.855000000000000000e+03
1.028200000000000000e+04
1.276300000000000000e+04
1.276500000000000000e+04
1.276600000000000000e+04
1.276400000000000000e+04
1.277200000000000000e+04
1.278400000000000000e+04
1.281300000000000000e+04
1.291400000000000000e+04
4.385000000000000000e+03
1.276500000000000000e+04
1.276500000000000000e+04
1.282600000000000000e+04
1.276500000000000000e+04
1.277500000000000000e+04
6.157000000000000000e+03
1.278300000000000000e+04
1.291200000000000000e+04
1.277300000000000000e+04
1.281300000000000000e+04
1.277900000000000000e+04
1.287700000000000000e+04
1.282600000000000000e+04
1.278000000000000000e+04
1.277800000000000000e+04
1.277700000000000000e+04
1.284500000000000000e+04
7.057000000000000000e+03
8.722000000000000000e+03
1.277400000000000000e+04
1.277000000000000000e+04
1.276900000000000000e+04
1.278500000000000000e+04
9.076000000000000000e+03
6.157000000000000000e+03
1.277500000000000000e+04
1.281300000000000000e+04
1.276500000000000000e+04
1.278000000000000000e+04
1.277700000000000000e+04
1.282600000000000000e+04
1.278400000000000000e+04
1.281300000000000000e+04
1.291200000000000000e+04
1.276500000000000000e+04
1.277300000000000000e+04
1.276300000000000000e+04
9.093000000000000000e+03
1.276400000000000000e+04
1.276600000000000000e+04
3.803000000000000000e+03
1.277500000000000000e+04
4.385000000000000000e+03
2.800000000000000000e+03
1.526000000000000000e+03
6.132000000000000000e+03
8.222000000000000000e+03
1.460000000000000000e+02
1.285700000000000000e+04
1.276500000000000000e+04
1.287500000000000000e+04
9.084000000000000000e+03
1.276600000000000000e+04
1.276900000000000000e+04
1.277000000000000000e+04
8.218000000000000000e+03
1.281300000000000000e+04
1.278400000000000000e+04
1.277300000000000000e+04
1.277000000000000000e+04
1.276900000000000000e+04
5.626000000000000000e+03
1.276500000000000000e+04
1.276400000000000000e+04
1.277200000000000000e+04
1.276600000000000000e+04
1.277100000000000000e+04
1.266300000000000000e+04
1.276700000000000000e+04
4.446000000000000000e+03
1.277600000000000000e+04
2.186000000000000000e+03
2.673000000000000000e+03
5.628000000000000000e+03
9.084000000000000000e+03
9.076000000000000000e+03
1.138800000000000000e+04
1.026900000000000000e+04
1.282200000000000000e+04
1.276500000000000000e+04
1.278400000000000000e+04
9.084000000000000000e+03
1.278000000000000000e+04
1.277700000000000000e+04
1.276500000000000000e+04
1.276600000000000000e+04
1.276400000000000000e+04
1.278400000000000000e+04
1.277900000000000000e+04
1.278000000000000000e+04
1.283500000000000000e+04
1.277800000000000000e+04
1.277700000000000000e+04
1.277400000000000000e+04
1.285900000000000000e+04
1.276500000000000000e+04
1.277000000000000000e+04
1.276900000000000000e+04
1.276600000000000000e+04
1.276400000000000000e+04
6.157000000000000000e+03
9.084000000000000000e+03
9.099000000000000000e+03
1.281300000000000000e+04
1.278400000000000000e+04
1.286200000000000000e+04
4.168000000000000000e+03
4.201000000000000000e+03
1.236600000000000000e+04
8.547000000000000000e+03
5.016000000000000000e+03
1.082300000000000000e+04
1.026900000000000000e+04
1.276500000000000000e+04
1.278400000000000000e+04
1.277900000000000000e+04
1.278000000000000000e+04
1.277800000000000000e+04
1.277700000000000000e+04
1.277400000000000000e+04
1.278500000000000000e+04
1.277300000000000000e+04
1.287600000000000000e+04
3.000000000000000000e+02
6.132000000000000000e+03
1.276900000000000000e+04
1.277000000000000000e+04
1.276400000000000000e+04
3.934000000000000000e+03
1.268700000000000000e+04
4.682000000000000000e+03
1.276300000000000000e+04
1.276500000000000000e+04
1.276400000000000000e+04
1.281300000000000000e+04
1.276900000000000000e+04
1.277000000000000000e+04
1.276400000000000000e+04
1.276600000000000000e+04
1.276600000000000000e+04
1.277200000000000000e+04
1.268700000000000000e+04
1.276500000000000000e+04
1.285700000000000000e+04
1.277100000000000000e+04
1.277300000000000000e+04
1.277000000000000000e+04
1.276900000000000000e+04
1.276400000000000000e+04
1.276600000000000000e+04
4.761000000000000000e+03
1.276500000000000000e+04
1.281300000000000000e+04
1.285700000000000000e+04
9.076000000000000000e+03
2.120000000000000000e+02
1.280300000000000000e+04
4.385000000000000000e+03
1.276900000000000000e+04
1.280700000000000000e+04
1.286000000000000000e+04
5.868000000000000000e+03
1.276400000000000000e+04
1.276600000000000000e+04
1.278000000000000000e+04
1.286800000000000000e+04
5.626000000000000000e+03
1.276300000000000000e+04
1.276500000000000000e+04
1.276700000000000000e+04
1.276400000000000000e+04
1.281000000000000000e+04
1.276700000000000000e+04
9.084000000000000000e+03
2.673000000000000000e+03
4.168000000000000000e+03
1.287700000000000000e+04
1.277500000000000000e+04
1.277900000000000000e+04
1.285900000000000000e+04
1.279100000000000000e+04
1.276500000000000000e+04
1.277000000000000000e+04
5.626000000000000000e+03
6.167000000000000000e+03
1.277700000000000000e+04
1.286200000000000000e+04
1.276500000000000000e+04
1.278400000000000000e+04
1.277300000000000000e+04
1.281300000000000000e+04
1.288600000000000000e+04
1.282600000000000000e+04
1.100600000000000000e+04
1.276500000000000000e+04
1.282400000000000000e+04
1.280700000000000000e+04
5.626000000000000000e+03
1.281300000000000000e+04
1.291200000000000000e+04
1.276400000000000000e+04
1.277200000000000000e+04
1.276600000000000000e+04
9.138000000000000000e+03
1.882000000000000000e+03
1.288000000000000000e+04
1.276500000000000000e+04
1.278400000000000000e+04
1.277900000000000000e+04
1.278000000000000000e+04
1.276300000000000000e+04
3.000000000000000000e+02
2.673000000000000000e+03
4.168000000000000000e+03
1.276900000000000000e+04
1.278300000000000000e+04
6.051000000000000000e+03
1.276500000000000000e+04
8.619000000000000000e+03
9.593000000000000000e+03
1.011700000000000000e+04
1.026900000000000000e+04
1.179100000000000000e+04
1.181200000000000000e+04
1.181800000000000000e+04
8.236000000000000000e+03
5.386000000000000000e+03
6.157000000000000000e+03
1.281300000000000000e+04
1.276500000000000000e+04
1.276500000000000000e+04
1.276500000000000000e+04
1.276600000000000000e+04
1.276400000000000000e+04
1.278400000000000000e+04
1.277900000000000000e+04
1.281300000000000000e+04
1.282600000000000000e+04
1.291200000000000000e+04
1.276500000000000000e+04
1.276500000000000000e+04
1.282600000000000000e+04
1.149700000000000000e+04
1.149700000000000000e+04
6.132000000000000000e+03
1.276300000000000000e+04
1.276500000000000000e+04
1.278400000000000000e+04
1.281300000000000000e+04
1.276600000000000000e+04
1.276400000000000000e+04
1.276500000000000000e+04
1.277200000000000000e+04
1.278400000000000000e+04
1.277900000000000000e+04
1.278000000000000000e+04
1.277800000000000000e+04
1.276700000000000000e+04
1.279200000000000000e+04
1.276300000000000000e+04
1.281300000000000000e+04
1.280900000000000000e+04
1.281400000000000000e+04
1.277000000000000000e+04
1.276500000000000000e+04
1.276400000000000000e+04
1.278100000000000000e+04
4.168000000000000000e+03
1.278300000000000000e+04
1.276500000000000000e+04
1.276600000000000000e+04
1.276400000000000000e+04
1.276700000000000000e+04
2.250000000000000000e+03
1.001300000000000000e+04
9.138000000000000000e+03
1.283500000000000000e+04
1.277400000000000000e+04
1.278500000000000000e+04
1.281800000000000000e+04
1.276500000000000000e+04
1.278400000000000000e+04
1.277900000000000000e+04
1.278000000000000000e+04
1.283500000000000000e+04
1.276300000000000000e+04
1.280700000000000000e+04
1.276500000000000000e+04
1.277000000000000000e+04
1.276400000000000000e+04
1.276600000000000000e+04
1.276500000000000000e+04
5.868000000000000000e+03
1.277900000000000000e+04
1.278000000000000000e+04
1.277800000000000000e+04
1.277700000000000000e+04
1.282600000000000000e+04
1.276600000000000000e+04
1.266300000000000000e+04
9.138000000000000000e+03
1.282600000000000000e+04
8.504000000000000000e+03
1.138800000000000000e+04
1.280700000000000000e+04
1.278400000000000000e+04
1.281300000000000000e+04
1.287700000000000000e+04
1.281000000000000000e+04
1.276500000000000000e+04
5.868000000000000000e+03
1.290300000000000000e+04
4.168000000000000000e+03
4.761000000000000000e+03
1.278000000000000000e+04
1.277700000000000000e+04
1.286200000000000000e+04
1.277900000000000000e+04
1.282600000000000000e+04
1.291200000000000000e+04
1.281300000000000000e+04
1.277000000000000000e+04
1.276500000000000000e+04
1.276400000000000000e+04
1.149700000000000000e+04
1.291600000000000000e+04
1.288600000000000000e+04
1.277100000000000000e+04
1.281300000000000000e+04
1.278400000000000000e+04
1.276500000000000000e+04
1.277300000000000000e+04
1.283000000000000000e+04
4.168000000000000000e+03
1.276500000000000000e+04
1.276600000000000000e+04
1.246900000000000000e+04
1.277200000000000000e+04
1.277000000000000000e+04
1.276500000000000000e+04
1.276600000000000000e+04
1.277300000000000000e+04
1.278300000000000000e+04
1.276500000000000000e+04
1.276600000000000000e+04
1.276900000000000000e+04
1.277000000000000000e+04
1.276400000000000000e+04
1.278400000000000000e+04
1.281300000000000000e+04
1.282400000000000000e+04
1.281000000000000000e+04
1.276500000000000000e+04
1.276600000000000000e+04
1.276900000000000000e+04
1.277000000000000000e+04
1.276400000000000000e+04
1.278400000000000000e+04
1.281300000000000000e+04
1.282400000000000000e+04
1.281000000000000000e+04
1.282500000000000000e+04
1.281300000000000000e+04
1.280900000000000000e+04
1.278100000000000000e+04
1.277000000000000000e+04
1.276600000000000000e+04
1.276400000000000000e+04
1.276700000000000000e+04
6.157000000000000000e+03
1.278400000000000000e+04
1.277900000000000000e+04
1.278000000000000000e+04
1.276500000000000000e+04
1.277700000000000000e+04
1.281300000000000000e+04
1.281300000000000000e+04
1.282400000000000000e+04
1.283500000000000000e+04
1.277400000000000000e+04
1.278100000000000000e+04
1.282400000000000000e+04
1.277000000000000000e+04
1.276500000000000000e+04
1.276400000000000000e+04
1.276600000000000000e+04
2.250000000000000000e+03
1.001300000000000000e+04
1.276500000000000000e+04
1.276500000000000000e+04
1.282600000000000000e+04
1.276500000000000000e+04
1.276600000000000000e+04
1.277200000000000000e+04
1.278400000000000000e+04
1.281300000000000000e+04
1.278000000000000000e+04
1.278400000000000000e+04
1.276500000000000000e+04
1.277000000000000000e+04
1.276900000000000000e+04
1.276400000000000000e+04
1.500000000000000000e+01
1.182100000000000000e+04
5.374000000000000000e+03
8.253000000000000000e+03
5.868000000000000000e+03
3.487000000000000000e+03
1.276600000000000000e+04
4.827000000000000000e+03
4.829000000000000000e+03
9.138000000000000000e+03
1.282600000000000000e+04
1.277000000000000000e+04
1.276900000000000000e+04
1.278300000000000000e+04
9.076000000000000000e+03
1.276400000000000000e+04
1.276300000000000000e+04
1.304000000000000000e+03
9.076000000000000000e+03
1.277000000000000000e+04
1.276400000000000000e+04
1.276600000000000000e+04
1.276500000000000000e+04
1.149700000000000000e+04
1.276500000000000000e+04
1.281300000000000000e+04
1.278400000000000000e+04
5.626000000000000000e+03
1.291200000000000000e+04
1.281300000000000000e+04
2.250000000000000000e+03
1.268700000000000000e+04
1.277000000000000000e+04
1.276600000000000000e+04
1.276400000000000000e+04
1.276500000000000000e+04
1.278400000000000000e+04
1.278400000000000000e+04
1.277900000000000000e+04
1.278000000000000000e+04
1.277800000000000000e+04
1.277700000000000000e+04
1.286200000000000000e+04
1.281300000000000000e+04
1.277000000000000000e+04
5.626000000000000000e+03
1.291200000000000000e+04
1.281000000000000000e+04
1.282600000000000000e+04
1.282600000000000000e+04
1.266300000000000000e+04
1.277200000000000000e+04
6.167000000000000000e+03
1.276400000000000000e+04
1.277000000000000000e+04
1.276600000000000000e+04
6.430000000000000000e+03
1.281000000000000000e+04
1.287700000000000000e+04
1.276500000000000000e+04
1.276300000000000000e+04
1.026900000000000000e+04
9.385000000000000000e+03
4.168000000000000000e+03
6.167000000000000000e+03
1.495000000000000000e+03
4.098000000000000000e+03
1.716000000000000000e+03
9.076000000000000000e+03
1.276600000000000000e+04
1.278400000000000000e+04
1.277900000000000000e+04
1.278000000000000000e+04
1.283500000000000000e+04
1.286800000000000000e+04
9.530000000000000000e+02
1.276300000000000000e+04
1.276500000000000000e+04
1.281800000000000000e+04
1.278300000000000000e+04
1.277800000000000000e+04
1.277700000000000000e+04
1.277400000000000000e+04
1.276500000000000000e+04
1.278300000000000000e+04
1.277000000000000000e+04
1.276400000000000000e+04
1.276900000000000000e+04
1.281300000000000000e+04
1.278400000000000000e+04
1.277300000000000000e+04
1.277000000000000000e+04
1.276500000000000000e+04
9.926000000000000000e+03
1.276400000000000000e+04
1.276600000000000000e+04
1.277200000000000000e+04
1.882000000000000000e+03
9.084000000000000000e+03
1.285600000000000000e+04
1.278400000000000000e+04
5.626000000000000000e+03
9.076000000000000000e+03
8.236000000000000000e+03
8.913000000000000000e+03
1.280900000000000000e+04
1.288700000000000000e+04
1.276500000000000000e+04
1.281300000000000000e+04
1.287700000000000000e+04
1.286300000000000000e+04
