3.900000000000000000e+01
3.360000000000000000e+02
9.370000000000000000e+02
1.447000000000000000e+03
2.081000000000000000e+03
2.346000000000000000e+03
2.659000000000000000e+03
2.965000000000000000e+03
3.193000000000000000e+03
4.197000000000000000e+03
4.894000000000000000e+03
5.822000000000000000e+03
6.653000000000000000e+03
7.051000000000000000e+03
8.557000000000000000e+03
9.025000000000000000e+03
9.481000000000000000e+03
1.054000000000000000e+04
1.089900000000000000e+04
1.114900000000000000e+04
1.168700000000000000e+04
1.263300000000000000e+04
